0 1.12026E-06 0.49485325813293457
1000 1.114205E-06 2.088306188583374
2000 1.112651E-06 3.6492068767547607
3000 1.111462E-06 5.276885986328125
4000 1.10992E-06 6.842108249664307
5000 1.108712E-06 8.40160322189331
6000 1.107138E-06 10.237514019012451
7000 1.106026E-06 11.778754472732544
8000 1.104402E-06 13.324864387512207
9000 1.103284E-06 14.943067789077759
10000 1.101644E-06 16.452837467193604
11000 1.100611E-06 18.035380601882935
12000 1.194079E-06 19.74463677406311
13000 1.0979E-06 21.310218334197998
14000 1.096267E-06 23.004685640335083
15000 1.095246E-06 24.54515528678894
16000 1.0937E-06 26.09774899482727
17000 1.092542E-06 27.614184141159058
18000 1.091168E-06 29.1141095161438
19000 1.089874E-06 30.62658667564392
20000 1.088556E-06 32.100876808166504
21000 1.087193E-06 33.588871002197266
22000 1.086016E-06 35.1424024105072
23000 1.084516E-06 36.69744086265564
24000 1.083432E-06 38.222031116485596
25000 1.081849E-06 39.778971672058105
26000 1.080854E-06 41.31867957115173
27000 1.079207E-06 42.845707654953
28000 1.078285E-06 44.38492155075073
29000 1.076743E-06 45.899805784225464
30000 1.075695E-06 47.435542821884155
31000 1.074222E-06 48.9736967086792
32000 1.07313E-06 50.491610527038574
33000 1.071757E-06 52.01452827453613
34000 1.070582E-06 53.56586742401123
35000 1.069258E-06 55.184643507003784
36000 1.068011E-06 56.777862310409546
37000 1.06682E-06 58.34450817108154
38000 1.065428E-06 59.90105891227722
39000 1.064375E-06 61.43667268753052
40000 1.062836E-06 62.999367237091064
41000 1.061884E-06 64.545170545578
42000 1.060263E-06 66.09927344322205
43000 1.059428E-06 67.69617342948914
44000 1.058042E-06 69.25291967391968
45000 1.056955E-06 70.76083397865295
46000 1.055621E-06 72.31549191474915
47000 1.054436E-06 73.91442322731018
48000 1.053251E-06 75.50037026405334
49000 1.051917E-06 77.15022492408752
50000 1.050895E-06 78.70326972007751
51000 1.049406E-06 80.30001401901245
52000 1.048526E-06 81.89679908752441
53000 1.047016E-06 83.52012395858765
54000 1.046102E-06 85.07227873802185
55000 1.044847E-06 86.64516234397888
56000 1.043667E-06 88.23281836509705
57000 1.042577E-06 89.80702042579651
58000 1.041233E-06 91.42797422409058
59000 1.040239E-06 93.0347535610199
60000 1.03882E-06 94.6550178527832
61000 1.037892E-06 96.25475573539734
62000 1.049366E-06 97.77794694900513
63000 1.03557E-06 99.3401038646698
64000 1.034221E-06 100.89400863647461
65000 1.03317E-06 102.44813394546509
66000 1.031994E-06 103.98414635658264
67000 1.030804E-06 105.53179121017456
68000 1.029796E-06 107.08250260353088
69000 1.028322E-06 108.61404347419739
70000 1.027533E-06 110.17368364334106
71000 1.026198E-06 111.71546053886414
72000 1.025209E-06 113.25315475463867
73000 1.024017E-06 114.83330488204956
74000 1.022888E-06 116.37996530532837
75000 1.021857E-06 117.94387793540955
76000 1.020483E-06 119.49653744697571
77000 1.019665E-06 121.18122363090515
78000 1.018213E-06 122.74832844734192
79000 1.017397E-06 124.31982064247131
80000 1.016139E-06 125.88232707977295
81000 1.015077E-06 127.43612456321716
82000 1.014076E-06 129.00669121742249
83000 1.012692E-06 130.5887212753296
84000 1.011911E-06 132.12356114387512
85000 1.010599E-06 133.64470505714417
86000 1.009643E-06 135.18620562553406
87000 1.008578E-06 136.7163987159729
88000 1.007316E-06 138.22246170043945
89000 1.00647E-06 139.73557376861572
90000 1.087005E-06 141.27920699119568
91000 1.004268E-06 142.8310351371765
92000 1.002955E-06 144.359445810318
93000 1.002041E-06 145.90084886550903
94000 1.001009E-06 147.45108437538147
95000 9.997739E-07 148.9933898448944
96000 9.989366E-07 150.52741694450378
97000 9.975143E-07 152.06312537193298
98000 9.967567E-07 153.61481142044067
99000 9.955886E-07 155.12935185432434
100000 9.945317E-07 156.66063117980957
101000 9.936227E-07 158.19223523139954
102000 9.92284E-07 159.7196547985077
103000 9.915321E-07 161.22505402565002
104000 9.902778E-07 162.75630450248718
105000 9.893679E-07 164.33169412612915
106000 9.884375E-07 165.98395442962646
107000 9.871379E-07 167.5896270275116
108000 9.86389E-07 169.14001631736755
109000 9.851057E-07 170.73101663589478
110000 9.842622E-07 172.2663767337799
111000 9.832531E-07 173.78658604621887
112000 9.820435E-07 175.32165360450745
113000 9.812723E-07 176.87013125419617
114000 9.800144E-07 178.42563199996948
115000 9.791914E-07 179.96360969543457
116000 9.78217E-07 181.5017466545105
117000 9.770039E-07 183.05456399917603
118000 9.762111E-07 184.5787045955658
119000 9.749067E-07 186.11077904701233
120000 9.74152E-07 187.66304659843445
121000 9.731964E-07 189.21092987060547
122000 9.71977E-07 190.72979760169983
123000 9.712468E-07 192.27529907226562
124000 9.699615E-07 193.8324248790741
125000 9.692105E-07 195.3541443347931
126000 9.68254E-07 196.87351322174072
127000 9.670422E-07 198.4246907234192
128000 9.663054E-07 199.94536638259888
129000 9.650191E-07 201.46599864959717
130000 9.642808E-07 203.00595259666443
131000 9.633225E-07 204.55679988861084
132000 9.621828E-07 206.08540272712708
133000 9.614405E-07 207.61096501350403
134000 9.601662E-07 209.16046833992004
135000 9.594426E-07 210.75196051597595
136000 9.584469E-07 212.4198670387268
137000 9.573715E-07 213.98279929161072
138000 9.566027E-07 215.54383039474487
139000 1.916677E-06 217.1199517250061
140000 9.546767E-07 218.6813244819641
141000 9.536537E-07 220.26524376869202
142000 9.526735E-07 221.83743500709534
143000 9.518244E-07 223.41826057434082
144000 9.506256E-07 224.99377751350403
145000 9.499356E-07 226.67124557495117
146000 9.487522E-07 228.20651507377625
147000 9.480015E-07 229.73343968391418
148000 9.470909E-07 231.2880585193634
149000 9.459726E-07 232.8503656387329
150000 9.452949E-07 234.44537949562073
151000 9.441607E-07 236.00519251823425
152000 9.433668E-07 237.5522232055664
153000 9.424899E-07 239.12964010238647
154000 9.413509E-07 240.6655991077423
155000 9.406725E-07 242.1968550682068
156000 9.39538E-07 243.7219090461731
157000 9.387436E-07 245.26316118240356
158000 9.37862E-07 246.82603001594543
159000 9.368206E-07 248.38497591018677
160000 9.360804E-07 249.9127881526947
161000 1.83706E-06 251.4497139453888
162000 9.342443E-07 252.95854687690735
163000 9.332814E-07 254.50441431999207
164000 9.323043E-07 256.04855370521545
165000 9.315641E-07 257.58041644096375
166000 9.306451E-07 259.1048996448517
167000 9.297804E-07 260.67526960372925
168000 9.287531E-07 262.25402307510376
169000 9.278668E-07 263.8222599029541
170000 9.270729E-07 265.40028047561646
171000 9.259678E-07 266.93665504455566
172000 9.25315E-07 268.5093767642975
173000 9.242572E-07 270.02209067344666
174000 9.234921E-07 271.56869673728943
175000 9.226814E-07 273.08134388923645
176000 9.215439E-07 274.62291073799133
177000 9.209431E-07 276.1473307609558
178000 9.199406E-07 277.68466544151306
179000 9.190895E-07 279.2181923389435
180000 9.183179E-07 280.73739743232727
181000 9.172581E-07 282.269522190094
182000 9.166184E-07 283.82344245910645
183000 9.154938E-07 285.3353943824768
184000 9.148438E-07 286.897287607193
185000 9.139794E-07 288.413831949234
186000 9.130196E-07 289.95937037467957
187000 9.123825E-07 291.62532806396484
188000 9.11285E-07 293.3704559803009
189000 9.106632E-07 295.0358157157898
190000 9.097218E-07 296.64963841438293
191000 9.088611E-07 298.3835279941559
192000 9.081298E-07 300.12975668907166
193000 9.070105E-07 301.69695377349854
194000 9.064648E-07 303.2408902645111
195000 9.055233E-07 304.7717933654785
196000 9.047069E-07 306.299471616745
197000 9.039756E-07 307.8645820617676
198000 9.028856E-07 309.4283027648926
199000 9.023346E-07 311.0543460845947
200000 9.014336E-07 312.81227111816406
201000 9.005906E-07 314.50355768203735
202000 8.999402E-07 316.2209198474884
203000 8.988097E-07 317.89971566200256
204000 8.98278E-07 319.62877440452576
205000 8.974269E-07 321.42634558677673
206000 8.96533E-07 323.15209197998047
207000 8.95903E-07 325.1230254173279
208000 8.948663E-07 327.04208517074585
209000 8.942491E-07 328.877956867218
210000 8.934561E-07 330.7641546726227
211000 8.925074E-07 332.55139899253845
212000 8.919343E-07 334.31898379325867
213000 8.909521E-07 336.0659976005554
214000 8.903104E-07 337.7540695667267
215000 8.89517E-07 339.47707319259644
216000 8.88609E-07 341.1563754081726
217000 8.880222E-07 342.8789803981781
218000 8.870347E-07 344.60393261909485
219000 8.863767E-07 346.32760643959045
220000 8.85602E-07 348.1356327533722
221000 8.84677E-07 349.87993359565735
222000 8.840804E-07 351.6341247558594
223000 8.830563E-07 353.31294202804565
224000 8.824566E-07 355.0401132106781
225000 8.81742E-07 356.71388268470764
226000 8.807859E-07 358.4863510131836
227000 8.802573E-07 360.27729058265686
228000 8.79327E-07 362.0026397705078
229000 8.786326E-07 363.71899580955505
230000 8.779906E-07 365.412157535553
231000 8.777995E-07 367.10404205322266
232000 8.764298E-07 368.919420003891
233000 8.75631E-07 370.6643946170807
234000 8.748302E-07 372.43604373931885
235000 8.742148E-07 374.2376878261566
236000 1.112264E-06 376.0027058124542
237000 8.727142E-07 377.78951835632324
238000 8.719321E-07 379.4575390815735
239000 8.710726E-07 381.1951870918274
240000 8.705279E-07 382.9066050052643
241000 8.6958E-07 384.67975902557373
242000 8.689897E-07 386.45904564857483
243000 8.682959E-07 388.2738392353058
244000 8.673807E-07 390.0775740146637
245000 8.668346E-07 391.9539210796356
246000 8.659344E-07 393.66606163978577
247000 8.653196E-07 395.44590067863464
248000 8.64656E-07 397.1800193786621
249000 8.637528E-07 398.9279115200043
250000 8.632412E-07 400.6819670200348
251000 8.623385E-07 402.40406823158264
252000 8.617354E-07 404.1238422393799
253000 8.610685E-07 405.7880370616913
254000 8.601457E-07 407.5999958515167
255000 8.596592E-07 409.3298647403717
256000 8.588102E-07 410.97790575027466
257000 8.581267E-07 412.74840664863586
258000 8.574846E-07 414.4410283565521
259000 8.565362E-07 416.19252824783325
260000 8.561162E-07 417.9128580093384
261000 8.553255E-07 419.64887285232544
262000 8.546112E-07 421.39627718925476
263000 8.540013E-07 423.05486726760864
264000 8.605215E-07 424.7568120956421
265000 8.526055E-07 426.42267322540283
266000 8.518703E-07 427.99306082725525
267000 8.51084E-07 429.6365313529968
268000 8.50528E-07 431.2597463130951
269000 8.495588E-07 432.95839524269104
270000 8.491151E-07 434.635600566864
271000 8.483539E-07 436.2615313529968
272000 8.475837E-07 437.90439343452454
273000 8.471124E-07 439.5101351737976
274000 8.462574E-07 441.1461021900177
275000 8.456818E-07 442.82324028015137
276000 8.450499E-07 444.553190946579
277000 8.441629E-07 446.3311126232147
278000 8.4373E-07 448.0362558364868
279000 8.429195E-07 449.7723071575165
280000 8.423006E-07 451.4260296821594
281000 8.417148E-07 453.115257024765
282000 8.45685E-07 454.808305978775
283000 8.403835E-07 456.4794890880585
284000 8.396319E-07 458.1563115119934
285000 8.389406E-07 459.7883954048157
286000 8.384253E-07 461.4587621688843
287000 8.375186E-07 463.17397356033325
288000 8.370624E-07 464.8702561855316
289000 8.36432E-07 466.5349338054657
290000 8.355831E-07 468.13947439193726
291000 8.351426E-07 469.83047699928284
292000 8.344282E-07 471.4933135509491
293000 8.337529E-07 473.15025091171265
294000 8.332251E-07 474.814334154129
295000 8.323237E-07 476.44730830192566
296000 8.31917E-07 478.1099989414215
297000 8.312718E-07 479.8198699951172
298000 8.304636E-07 481.51320934295654
299000 8.3002E-07 483.2502872943878
300000 8.292066E-07 484.82923674583435
301000 8.28678E-07 486.4703278541565
302000 8.281067E-07 488.1348204612732
303000 8.277377E-07 489.77604579925537
304000 8.268485E-07 491.47953391075134
305000 8.262057E-07 493.1359775066376
306000 8.254356E-07 494.7839047908783
307000 8.249779E-07 496.4830825328827
308000 8.241744E-07 498.17135882377625
309000 8.236633E-07 499.78677439689636
310000 8.230977E-07 501.48455476760864
311000 8.224468E-07 503.1952393054962
312000 8.218393E-07 504.88855385780334
313000 8.211348E-07 506.53930020332336
314000 8.204945E-07 508.41051602363586
315000 8.200086E-07 510.16762948036194
316000 8.191424E-07 511.77458930015564
317000 8.1874E-07 513.7629570960999
318000 8.18146E-07 515.516592502594
319000 8.173904E-07 517.2331159114838
320000 8.169824E-07 518.8874423503876
321000 8.162344E-07 520.6479823589325
322000 8.156409E-07 522.3772563934326
323000 8.151227E-07 524.0675365924835
324000 8.143061E-07 525.8324463367462
325000 8.1394E-07 527.555757522583
326000 8.132416E-07 529.3033404350281
327000 8.126219E-07 531.0285470485687
328000 8.121375E-07 532.7207927703857
329000 8.113116E-07 534.4201874732971
330000 8.10925E-07 536.0896470546722
331000 8.103387E-07 537.838490486145
332000 8.095581E-07 539.571878194809
333000 8.091696E-07 541.2790856361389
334000 8.084635E-07 542.9791805744171
335000 8.078674E-07 544.6306750774384
336000 8.073986E-07 546.2802884578705
337000 8.06585E-07 547.9191753864288
338000 8.06192E-07 549.5720834732056
339000 8.056246E-07 551.286535024643
340000 8.04885E-07 552.9629442691803
341000 8.04512E-07 554.6675536632538
342000 8.038564E-07 556.3326568603516
343000 8.032204E-07 557.9757189750671
344000 8.028153E-07 559.6336979866028
345000 8.020775E-07 561.298014163971
346000 8.015886E-07 563.0206656455994
347000 8.010956E-07 564.6789779663086
348000 1.635344E-06 566.3059208393097
349000 7.999553E-07 567.9479060173035
350000 7.993718E-07 569.6056461334229
351000 7.98686E-07 571.2914407253265
352000 7.982824E-07 572.9838874340057
353000 7.976108E-07 574.6400325298309
354000 7.970783E-07 576.308842420578
355000 7.966044E-07 577.9708976745605
356000 7.958052E-07 579.6570851802826
357000 7.954596E-07 581.3305914402008
358000 7.949288E-07 583.0164942741394
359000 7.94178E-07 584.7318186759949
360000 7.938389E-07 586.3965437412262
361000 7.932237E-07 588.0768718719482
362000 7.926192E-07 589.7886435985565
363000 7.922018E-07 591.5205466747284
364000 7.914418E-07 593.2408380508423
365000 7.910163E-07 594.9645326137543
366000 7.905281E-07 596.7051548957825
367000 7.897577E-07 598.4087762832642
368000 7.894445E-07 600.1262023448944
369000 7.888617E-07 601.854184627533
370000 7.882086E-07 603.6017920970917
371000 7.878642E-07 605.3358447551727
372000 7.87225E-07 607.0313038825989
373000 7.866824E-07 608.7597076892853
374000 7.862762E-07 610.4741652011871
375000 7.855635E-07 612.2740316390991
376000 7.851402E-07 614.0534300804138
377000 7.846611E-07 615.7974276542664
378000 7.839124E-07 617.5050532817841
379000 7.836167E-07 619.2056510448456
380000 7.830573E-07 620.7954189777374
381000 7.824164E-07 622.3944890499115
382000 7.820814E-07 623.975882768631
383000 7.814248E-07 625.5159165859222
384000 7.809073E-07 627.0533137321472
385000 7.805179E-07 628.5937132835388
386000 7.798354E-07 630.1349902153015
387000 7.794415E-07 631.6743726730347
388000 7.789449E-07 633.2450215816498
389000 7.782489E-07 634.822676897049
390000 7.779062E-07 636.353773355484
391000 7.773127E-07 637.8737828731537
392000 7.767686E-07 639.3985004425049
393000 7.763832E-07 640.9475824832916
394000 7.756798E-07 642.499769449234
395000 7.752948E-07 644.0595927238464
396000 7.748412E-07 645.5919811725616
397000 7.74148E-07 647.1242876052856
398000 7.738163E-07 648.6699154376984
399000 7.732512E-07 650.2142267227173
400000 7.727193E-07 651.7413516044617
401000 7.723283E-07 653.2830698490143
402000 7.716281E-07 654.8372781276703
403000 7.712566E-07 656.3859813213348
404000 7.707879E-07 657.9131226539612
405000 7.701164E-07 659.4423959255219
406000 7.698179E-07 660.9879643917084
407000 7.692758E-07 662.544392824173
408000 7.687234E-07 664.0817124843597
409000 7.683429E-07 665.6125667095184
410000 7.677056E-07 667.1700847148895
411000 7.673062E-07 668.7164845466614
412000 7.668855E-07 670.2594754695892
413000 7.675996E-07 671.841023683548
414000 7.658791E-07 673.3839950561523
415000 7.653705E-07 674.9222054481506
416000 7.647733E-07 676.4631428718567
417000 7.644628E-07 677.9962871074677
418000 7.638833E-07 679.5530428886414
419000 7.633863E-07 681.1360280513763
420000 7.630181E-07 682.7617950439453
421000 7.624014E-07 684.3526668548584
422000 7.619986E-07 685.9216680526733
423000 7.615797E-07 687.5082013607025
424000 9.015418E-07 689.0216863155365
425000 7.606053E-07 690.5800178050995
426000 7.601491E-07 692.0965368747711
427000 7.595199E-07 693.6805121898651
428000 7.592357E-07 695.2054800987244
429000 7.586918E-07 696.7608160972595
430000 7.581454E-07 698.3238220214844
431000 7.578288E-07 699.9215285778046
432000 7.572251E-07 701.4637494087219
433000 7.568094E-07 703.041063785553
434000 7.564485E-07 704.6357672214508
435000 7.557758E-07 706.1706948280334
436000 7.554613E-07 707.6853141784668
437000 7.550372E-07 709.2190971374512
438000 7.543503E-07 710.7615284919739
439000 7.54083E-07 712.2965922355652
440000 7.536107E-07 713.8259468078613
441000 7.530639E-07 715.348860502243
442000 7.527742E-07 716.9284591674805
443000 7.522278E-07 718.4676296710968
444000 7.517504E-07 719.9627513885498
445000 7.514187E-07 721.4457454681396
446000 7.507803E-07 722.8899557590485
447000 7.504518E-07 724.3018450737
448000 7.500225E-07 725.7204127311707
449000 7.494262E-07 727.1110525131226
450000 7.491259E-07 728.5245916843414
451000 7.486391E-07 729.9420549869537
452000 7.481117E-07 731.3520250320435
453000 7.47823E-07 732.7600176334381
454000 7.472873E-07 734.1598353385925
455000 7.46835E-07 735.563542842865
456000 7.464749E-07 736.9727470874786
457000 7.458551E-07 738.3874135017395
458000 7.455544E-07 739.8029010295868
459000 7.451413E-07 741.207412481308
460000 7.445148E-07 742.5978729724884
461000 7.442612E-07 743.9942307472229
462000 7.438097E-07 745.4020538330078
463000 7.432603E-07 746.805002450943
464000 7.429567E-07 748.2149477005005
465000 7.424076E-07 749.6329343318939
466000 7.420378E-07 751.1331043243408
467000 7.416626E-07 752.7445642948151
468000 7.410442E-07 754.3502023220062
469000 7.407792E-07 755.9151837825775
470000 7.403684E-07 757.4756526947021
471000 7.397675E-07 759.0656471252441
472000 7.395381E-07 760.6486692428589
473000 7.390909E-07 762.2342529296875
474000 7.385638E-07 763.8173422813416
475000 7.382765E-07 765.3847761154175
476000 7.377577E-07 766.9377620220184
477000 7.373412E-07 768.4836483001709
478000 7.370196E-07 770.0114006996155
479000 7.364284E-07 771.5813295841217
480000 7.361356E-07 773.1710064411163
481000 7.357477E-07 774.7581698894501
482000 7.351387E-07 776.3225946426392
483000 7.348877E-07 777.8597304821014
484000 7.344459E-07 779.4089331626892
485000 7.339519E-07 780.9543888568878
486000 7.336751E-07 782.4980568885803
487000 7.331713E-07 784.0184009075165
488000 7.327623E-07 785.5345575809479
489000 7.324659E-07 787.0975484848022
490000 7.319309E-07 788.665890455246
491000 7.315943E-07 790.2260892391205
492000 7.312104E-07 791.7774765491486
493000 7.306406E-07 793.3247981071472
494000 7.304084E-07 794.8801543712616
495000 7.299691E-07 796.4233067035675
496000 7.294658E-07 797.949383020401
497000 7.292319E-07 799.4871757030487
498000 7.287643E-07 801.0124132633209
499000 7.283315E-07 802.5789189338684
500000 7.280128E-07 804.0055708885193
501000 7.274829E-07 805.4167110919952
502000 7.271443E-07 806.8247604370117
503000 7.268029E-07 808.2441482543945
504000 7.283494E-07 809.644163608551
505000 7.260046E-07 811.054624080658
506000 7.256197E-07 812.4514346122742
507000 7.250878E-07 813.8595921993256
508000 7.248351E-07 815.2707922458649
509000 7.243609E-07 816.6860435009003
510000 7.23957E-07 818.0895195007324
511000 7.236486E-07 819.5115957260132
512000 7.230917E-07 820.9315779209137
513000 7.228257E-07 822.3302290439606
514000 7.224943E-07 823.7243120670319
515000 7.229863E-07 825.1405358314514
516000 7.216969E-07 826.5471804141998
517000 7.213266E-07 827.9463858604431
518000 7.208122E-07 829.3688597679138
519000 7.206038E-07 830.7739758491516
520000 7.201608E-07 832.2023313045502
521000 7.197032E-07 833.591504573822
522000 7.194507E-07 834.9941756725311
523000 7.190023E-07 836.4041113853455
524000 7.186043E-07 837.81498503685
525000 7.183248E-07 839.2208821773529
526000 7.17824E-07 840.6364748477936
527000 7.175004E-07 842.0709316730499
528000 7.171789E-07 843.4699234962463
529000 7.166253E-07 844.8870270252228
530000 7.163934E-07 846.2898187637329
531000 7.160525E-07 847.6994061470032
532000 7.155228E-07 849.1156680583954
533000 7.152839E-07 850.5292115211487
534000 7.148887E-07 851.9254896640778
535000 7.144452E-07 853.3299968242645
536000 7.141828E-07 854.7316715717316
537000 7.137229E-07 856.1418828964233
538000 7.133598E-07 857.549144744873
539000 7.131003E-07 858.9498164653778
540000 7.125861E-07 860.392237663269
541000 7.123217E-07 861.8110029697418
542000 7.120035E-07 863.2103650569916
543000 7.114617E-07 864.6198825836182
544000 7.112409E-07 866.0110077857971
545000 7.108777E-07 867.43576836586
546000 7.103549E-07 868.8352932929993
547000 7.101407E-07 870.2483446598053
548000 7.097605E-07 871.6562554836273
549000 7.093192E-07 873.0665743350983
550000 7.090671E-07 874.465981721878
551000 7.086135E-07 875.8710346221924
552000 7.082858E-07 877.2779772281647
553000 7.079886E-07 878.6743443012238
554000 7.074613E-07 880.0888683795929
555000 7.072304E-07 881.4893836975098
556000 7.068979E-07 882.9083733558655
557000 7.064116E-07 884.3083262443542
558000 7.061788E-07 885.7092070579529
559000 7.058106E-07 887.11350274086
560000 7.053714E-07 888.5101900100708
561000 7.051063E-07 889.9043660163879
562000 7.046719E-07 891.3194725513458
563000 7.043485E-07 892.7388820648193
564000 7.040787E-07 894.1427850723267
565000 7.035891E-07 895.5516638755798
566000 7.033257E-07 896.9559116363525
567000 7.02999E-07 898.3428628444672
568000 7.025262E-07 899.7363519668579
569000 7.022975E-07 901.1525864601135
570000 7.019104E-07 902.5754473209381
571000 7.015111E-07 903.9817922115326
572000 7.012561E-07 905.3796162605286
573000 7.007989E-07 906.7953925132751
574000 7.005229E-07 908.2010431289673
575000 7.002325E-07 909.6025278568268
576000 6.997146E-07 911.0143299102783
577000 6.995043E-07 912.4084782600403
578000 6.991782E-07 913.8135268688202
579000 6.98689E-07 915.2128822803497
580000 6.985019E-07 916.6281681060791
581000 6.981367E-07 918.029248714447
582000 6.977003E-07 919.4281067848206
583000 6.974873E-07 920.8261823654175
584000 6.97068E-07 922.2336204051971
585000 6.967186E-07 923.6415579319
586000 6.964592E-07 925.0359179973602
587000 6.959812E-07 926.4634475708008
588000 6.957384E-07 927.8781740665436
589000 6.95428E-07 929.2988274097443
590000 6.949392E-07 930.7141420841217
591000 6.947726E-07 932.1744921207428
592000 6.944353E-07 933.6022529602051
593000 6.939698E-07 935.0490190982819
594000 6.937901E-07 936.489590883255
595000 6.934166E-07 937.9158556461334
596000 6.930043E-07 939.3191332817078
597000 6.927835E-07 940.7189474105835
598000 6.923836E-07 942.1429376602173
599000 6.920234E-07 943.5595836639404
