0 4.471838E+01 0.8083236217498779
1000 3.739966E+01 4.8822221755981445
2000 3.074118E+01 8.411921501159668
3000 2.460693E+01 11.944243431091309
4000 1.927245E+01 15.222043991088867
5000 1.493453E+01 18.91322946548462
6000 1.156948E+01 22.148359775543213
7000 9.033396E+00 25.395479440689087
8000 7.154445E+00 28.690983295440674
9000 5.786622E+00 32.123448848724365
10000 4.797905E+00 35.192758560180664
11000 4.058081E+00 38.813727617263794
12000 3.455538E+00 42.298415184020996
13000 2.92389E+00 45.796438217163086
14000 2.43147E+00 49.129178047180176
15000 1.961978E+00 52.584129095077515
16000 1.521722E+00 55.78626036643982
17000 1.135724E+00 57.65510702133179
18000 8.310684E-01 60.07234048843384
19000 6.171645E-01 62.61397957801819
20000 4.793438E-01 65.63154125213623
21000 3.906279E-01 68.67241835594177
22000 3.262423E-01 71.77164316177368
23000 2.72213E-01 75.53293037414551
24000 2.245575E-01 79.22075247764587
25000 1.827607E-01 82.8029100894928
26000 1.46311E-01 86.17888331413269
27000 1.147511E-01 89.30433893203735
28000 8.804935E-02 92.43136787414551
29000 6.6303E-02 95.53866744041443
30000 4.929708E-02 98.65135598182678
31000 3.642179E-02 102.0955741405487
32000 2.684456E-02 105.47729134559631
33000 1.975039E-02 108.13583207130432
34000 1.448928E-02 111.15624856948853
35000 1.059317E-02 114.63176012039185
36000 7.764132E-03 117.93612766265869
37000 5.805832E-03 121.14329600334167
38000 4.534287E-03 124.63852190971375
39000 3.734726E-03 127.92771244049072
40000 3.195523E-03 131.3029065132141
41000 2.769789E-03 134.84948134422302
42000 2.381494E-03 138.61008381843567
43000 2.000622E-03 142.4652578830719
44000 1.625507E-03 146.26750540733337
45000 1.270269E-03 150.04034996032715
46000 9.578955E-04 153.93459796905518
47000 7.036306E-04 157.69702649116516
48000 5.100029E-04 161.53008794784546
49000 3.693301E-04 165.16359567642212
50000 2.70114E-04 169.01358151435852
51000 2.014197E-04 172.947660446167
52000 1.53568E-04 177.10929989814758
53000 1.195894E-04 180.91326141357422
54000 9.44158E-05 184.95262718200684
55000 7.584719E-05 189.0810580253601
56000 6.24913E-05 192.989844083786
57000 5.301782E-05 196.94929194450378
58000 4.629741E-05 200.3241889476776
59000 4.151814E-05 204.0781512260437
60000 3.805101E-05 207.83847975730896
61000 3.54164E-05 211.21988534927368
62000 3.331666E-05 214.96550130844116
63000 3.157182E-05 218.73057508468628
64000 3.00567E-05 222.49986267089844
65000 2.870874E-05 226.09610676765442
66000 2.746323E-05 229.96121668815613
67000 2.632379E-05 233.81070351600647
68000 2.530007E-05 237.74404621124268
69000 2.432036E-05 241.80848145484924
70000 2.341306E-05 244.87757515907288
71000 2.257737E-05 248.65113997459412
72000 2.179889E-05 252.33263492584229
73000 2.107717E-05 256.0175850391388
74000 2.039496E-05 259.7074053287506
75000 1.97587E-05 263.3763732910156
76000 1.916554E-05 266.1670231819153
77000 1.860186E-05 268.98682260513306
78000 1.806743E-05 272.25602436065674
79000 1.757013E-05 275.422345161438
80000 1.709144E-05 278.5601017475128
81000 1.664008E-05 280.6047565937042
82000 1.620806E-05 282.00865411758423
83000 1.579181E-05 283.5643937587738
84000 1.539544E-05 285.03979229927063
85000 1.501852E-05 286.47645568847656
86000 1.465275E-05 287.94056940078735
87000 1.430127E-05 289.45011138916016
88000 1.395979E-05 290.92477226257324
89000 1.362656E-05 292.3929212093353
90000 1.330913E-05 293.81281542778015
91000 1.300962E-05 295.27870416641235
92000 1.271599E-05 296.8721203804016
93000 1.242829E-05 298.46983766555786
94000 1.215257E-05 299.9266097545624
95000 1.188591E-05 301.3808810710907
96000 1.162663E-05 302.87943959236145
97000 1.137736E-05 304.32655572891235
98000 1.113667E-05 305.8308062553406
99000 1.090552E-05 307.30518865585327
100000 1.068207E-05 308.73174953460693
101000 1.04691E-05 310.2066719532013
102000 1.026472E-05 311.76061272621155
103000 1.006591E-05 313.3064675331116
104000 9.872338E-06 314.86766028404236
105000 9.686527E-06 316.39306592941284
106000 9.508556E-06 317.91629338264465
107000 9.347503E-06 319.4241693019867
108000 9.172062E-06 320.96302103996277
109000 9.013356E-06 322.3516626358032
110000 8.860909E-06 323.7561113834381
111000 8.714437E-06 325.29090332984924
112000 8.57382E-06 326.81894731521606
113000 8.439337E-06 328.31276416778564
114000 8.308122E-06 329.83749866485596
115000 8.182479E-06 331.28299379348755
116000 8.061418E-06 332.6880519390106
117000 7.943648E-06 334.12250423431396
118000 7.830487E-06 335.61168146133423
119000 7.719585E-06 337.1092703342438
120000 7.612648E-06 338.5543522834778
121000 7.508679E-06 340.0857090950012
122000 7.408218E-06 341.5336036682129
123000 7.310579E-06 343.0052680969238
124000 7.216214E-06 344.58281087875366
125000 7.123271E-06 346.1231596469879
126000 7.033337E-06 347.5610077381134
127000 6.94695E-06 349.0123450756073
128000 6.860379E-06 350.4398446083069
129000 6.787393E-06 351.86991930007935
130000 6.694793E-06 353.2959158420563
131000 6.615426E-06 354.73008489608765
132000 6.539537E-06 356.1770181655884
133000 6.461963E-06 357.5920252799988
134000 6.387562E-06 359.0161635875702
135000 6.314926E-06 360.45306968688965
136000 6.244562E-06 361.8498637676239
137000 6.175E-06 363.24585127830505
138000 6.105805E-06 364.6696982383728
139000 6.038906E-06 366.1060588359833
140000 5.973728E-06 367.5587384700775
141000 5.909634E-06 369.0223858356476
142000 5.846601E-06 370.4604136943817
143000 5.785577E-06 371.8552134037018
144000 5.72484E-06 373.31637716293335
145000 5.667055E-06 374.81777691841125
146000 5.610558E-06 376.2428343296051
147000 5.549013E-06 377.6631119251251
148000 5.49685E-06 379.0958483219147
149000 5.436227E-06 380.5245361328125
150000 5.381522E-06 381.95190143585205
151000 5.327899E-06 383.42024278640747
152000 5.275182E-06 384.8804602622986
153000 5.223735E-06 386.33541560173035
154000 5.172878E-06 387.78786969184875
155000 5.123137E-06 389.23375129699707
156000 5.074296E-06 390.68867111206055
157000 5.0259E-06 392.0900468826294
158000 4.978845E-06 393.51272916793823
159000 4.949323E-06 394.921897649765
160000 4.886836E-06 396.37791633605957
161000 4.842564E-06 397.8121728897095
162000 4.797882E-06 399.2017469406128
163000 4.754544E-06 400.60421085357666
164000 4.712253E-06 402.0168719291687
165000 4.669916E-06 403.45842242240906
166000 4.628594E-06 404.89415431022644
167000 4.58809E-06 406.30019664764404
168000 4.548024E-06 407.73283290863037
169000 4.508483E-06 409.2300260066986
170000 4.469941E-06 410.6243371963501
171000 4.431862E-06 412.0513300895691
172000 4.393949E-06 413.4959497451782
173000 4.35649E-06 414.8973882198334
174000 4.320525E-06 416.35173416137695
175000 4.283676E-06 417.799427986145
176000 4.248232E-06 419.2397930622101
177000 4.213157E-06 420.6341528892517
178000 4.178753E-06 422.03436160087585
179000 4.144779E-06 423.4372262954712
180000 4.111274E-06 424.8823821544647
181000 4.079919E-06 426.3040487766266
182000 4.054694E-06 427.71191668510437
183000 4.013877E-06 429.15042901039124
184000 4.013097E-06 430.5816400051117
185000 3.951321E-06 431.9669415950775
186000 3.926795E-06 433.3631782531738
187000 3.890735E-06 434.7628586292267
188000 3.861138E-06 436.1640214920044
189000 3.831959E-06 437.6823055744171
190000 3.803127E-06 439.15794491767883
191000 3.776652E-06 440.62644052505493
192000 3.746809E-06 442.1088478565216
193000 3.71946E-06 443.64843702316284
194000 3.692183E-06 445.1660866737366
195000 3.665576E-06 446.682448387146
196000 3.664626E-06 448.2251224517822
197000 3.612808E-06 449.7210705280304
198000 3.587077E-06 451.2597482204437
199000 3.561626E-06 452.80998253822327
200000 3.536697E-06 454.2354202270508
201000 3.511979E-06 455.6679251194
202000 3.487645E-06 457.1306939125061
203000 3.46351E-06 458.55654406547546
204000 3.439787E-06 459.99269223213196
205000 3.417172E-06 461.4611897468567
206000 3.396791E-06 462.9325342178345
207000 3.370865E-06 464.53713631629944
208000 3.348006E-06 466.08544754981995
209000 3.325777E-06 467.6224582195282
210000 3.304372E-06 469.1129195690155
211000 3.28206E-06 470.6269383430481
212000 3.260651E-06 472.0831038951874
213000 3.239624E-06 473.49606132507324
214000 3.237469E-06 474.9904353618622
215000 3.198091E-06 476.46314454078674
216000 3.17767E-06 477.93177795410156
217000 3.157648E-06 479.5025796890259
218000 3.137792E-06 481.124329328537
219000 3.118135E-06 482.60514736175537
220000 3.098699E-06 484.1090383529663
221000 3.079522E-06 485.58284044265747
222000 3.060681E-06 487.05875420570374
223000 3.041867E-06 488.4702820777893
224000 3.02381E-06 489.8623504638672
225000 3.004848E-06 491.35986614227295
226000 2.988765E-06 492.9367685317993
227000 2.995781E-06 494.3761782646179
228000 2.951022E-06 495.9244718551636
229000 2.933466E-06 497.4718449115753
230000 2.916144E-06 499.0176658630371
231000 2.898958E-06 500.5727734565735
232000 2.882052E-06 502.14016914367676
233000 2.865266E-06 503.63778829574585
234000 2.861443E-06 505.1203579902649
235000 2.83229E-06 506.56266260147095
236000 2.816544E-06 508.0213553905487
237000 2.800044E-06 509.5464427471161
238000 2.784098E-06 511.0143361091614
239000 2.7684E-06 512.4924590587616
240000 2.752886E-06 513.9228365421295
241000 2.737504E-06 515.3513958454132
242000 2.72227E-06 516.8197882175446
243000 2.707225E-06 518.2939510345459
244000 2.693165E-06 519.7264487743378
245000 2.677603E-06 521.1422853469849
246000 2.663018E-06 522.6078317165375
247000 2.6486E-06 524.0811343193054
248000 2.634309E-06 525.6004118919373
249000 2.620173E-06 527.1049745082855
250000 2.60618E-06 528.6168615818024
251000 2.592424E-06 530.0449352264404
252000 2.582808E-06 531.4642548561096
253000 2.565158E-06 532.9026939868927
254000 2.558931E-06 534.3541023731232
255000 2.539785E-06 535.9070081710815
256000 2.525458E-06 537.3663196563721
257000 2.512502E-06 538.8064434528351
258000 2.499686E-06 540.3299543857574
259000 2.486918E-06 541.7985322475433
260000 2.474483E-06 543.2243239879608
261000 2.461947E-06 544.6538631916046
262000 2.449687E-06 546.0875413417816
263000 2.437588E-06 547.5335958003998
264000 2.425519E-06 548.9653832912445
265000 2.413579E-06 550.3935706615448
266000 2.401754E-06 551.8150401115417
267000 2.390035E-06 553.2218823432922
268000 2.378509E-06 554.6503109931946
269000 2.367147E-06 556.1332936286926
270000 2.355847E-06 557.5471441745758
271000 2.344644E-06 559.0189919471741
272000 2.333582E-06 560.4658560752869
273000 2.322642E-06 561.8844230175018
274000 2.311838E-06 563.3358166217804
275000 2.301173E-06 564.9120383262634
276000 2.29057E-06 566.4614596366882
277000 2.279911E-06 568.0151007175446
278000 2.269471E-06 569.5845947265625
279000 2.259166E-06 571.1361804008484
280000 2.248935E-06 572.6418538093567
281000 2.23902E-06 574.1612527370453
282000 2.231102E-06 575.585334777832
283000 2.219292E-06 577.088104724884
284000 2.209448E-06 578.6129560470581
285000 2.199926E-06 580.0954351425171
286000 2.190411E-06 581.5762815475464
287000 2.18094E-06 583.0543367862701
288000 2.171684E-06 584.4676029682159
289000 2.162514E-06 586.0549001693726
290000 2.153302E-06 587.5161519050598
291000 2.144485E-06 588.9148664474487
292000 2.135582E-06 590.4206557273865
293000 2.12685E-06 591.9071087837219
294000 2.11812E-06 593.4129590988159
295000 2.109564E-06 594.861160993576
296000 2.101108E-06 596.314514875412
297000 2.092679E-06 597.7937414646149
298000 2.084381E-06 599.2598669528961
299000 2.076046E-06 600.7104234695435
300000 2.067939E-06 602.1463675498962
301000 2.059884E-06 603.6057667732239
302000 2.051917E-06 605.0392091274261
303000 2.044069E-06 606.4733734130859
304000 2.036239E-06 607.9042844772339
305000 2.04145E-06 609.3375806808472
306000 2.02076E-06 610.7736434936523
307000 2.013099E-06 612.206591129303
308000 2.010923E-06 613.6457376480103
309000 1.998007E-06 615.0972895622253
310000 1.990638E-06 616.679446220398
311000 1.983256E-06 618.2221660614014
312000 1.976141E-06 619.7839834690094
313000 1.968867E-06 621.2650775909424
314000 1.961719E-06 622.7083051204681
315000 1.954803E-06 624.1601202487946
316000 1.947858E-06 625.7658488750458
317000 1.940916E-06 627.2265202999115
318000 1.933947E-06 628.6985552310944
319000 1.930027E-06 630.2062697410583
320000 1.920429E-06 631.6831514835358
321000 1.913775E-06 633.1413729190826
322000 1.907125E-06 634.6099441051483
323000 1.900619E-06 636.047091960907
324000 1.894173E-06 637.4791338443756
325000 1.912808E-06 638.9034597873688
326000 1.881554E-06 640.3189222812653
327000 1.875385E-06 641.7355885505676
328000 1.869197E-06 643.1753208637238
329000 1.86324E-06 644.6260199546814
330000 1.857105E-06 646.1108911037445
331000 1.851003E-06 647.6509294509888
332000 1.845114E-06 649.139101266861
333000 1.839316E-06 650.6020503044128
334000 1.833459E-06 652.0877673625946
335000 1.832273E-06 653.5703258514404
336000 1.821756E-06 655.000678062439
337000 1.816037E-06 656.4017653465271
338000 1.810452E-06 657.8340821266174
339000 1.807803E-06 659.2977139949799
340000 1.799425E-06 660.7854647636414
341000 1.793906E-06 662.223925113678
342000 1.788538E-06 663.6653733253479
343000 1.783171E-06 665.1211414337158
344000 1.777845E-06 666.7049739360809
345000 1.772605E-06 668.2822353839874
346000 1.767348E-06 669.7499148845673
347000 1.762207E-06 671.2067563533783
348000 1.756934E-06 672.6314663887024
349000 1.751822E-06 674.0308549404144
350000 1.746728E-06 675.4498558044434
351000 1.899656E-06 676.8941695690155
352000 1.736782E-06 678.3332207202911
353000 1.731839E-06 679.7495460510254
354000 1.726886E-06 681.1625576019287
355000 1.721998E-06 682.6538610458374
356000 1.717307E-06 684.0543119907379
357000 1.761313E-06 685.5032784938812
358000 1.707844E-06 686.9469482898712
359000 1.703333E-06 688.3731186389923
360000 1.698683E-06 689.8257639408112
361000 1.694009E-06 691.261036157608
362000 1.689435E-06 692.7009649276733
363000 1.684832E-06 694.2033054828644
364000 1.680355E-06 695.8085753917694
365000 1.675797E-06 697.3463673591614
366000 1.671413E-06 698.8928775787354
367000 1.666887E-06 700.3817455768585
368000 1.662374E-06 701.9347686767578
369000 1.658125E-06 703.3800463676453
370000 1.653957E-06 704.8476777076721
371000 1.64963E-06 706.3906185626984
372000 1.645322E-06 707.92325091362
373000 1.641E-06 709.4514272212982
374000 1.636875E-06 710.970358133316
375000 1.632635E-06 712.4782977104187
376000 1.628516E-06 714.001720905304
377000 1.624499E-06 715.5448334217072
378000 1.620385E-06 717.0608077049255
379000 1.616364E-06 718.5173845291138
380000 1.612476E-06 720.06596159935
381000 1.608453E-06 721.6664910316467
382000 1.604564E-06 723.2302141189575
383000 1.600663E-06 724.7307319641113
384000 1.596816E-06 726.2557468414307
385000 1.592901E-06 727.7682116031647
386000 1.589032E-06 729.301390171051
387000 1.58521E-06 730.8231933116913
388000 1.687163E-06 732.3317720890045
389000 1.577682E-06 733.8495848178864
390000 1.573891E-06 735.3804185390472
391000 1.570132E-06 736.889955997467
392000 1.566469E-06 738.390597820282
393000 1.562701E-06 739.881002664566
394000 1.559093E-06 741.3800616264343
395000 1.555609E-06 742.8761286735535
396000 1.552019E-06 744.3862898349762
397000 1.548401E-06 745.9141275882721
398000 1.544855E-06 747.4182150363922
399000 1.541467E-06 748.9225380420685
400000 1.538027E-06 750.4164395332336
401000 1.534622E-06 751.9182136058807
402000 1.531235E-06 753.4309859275818
403000 1.527869E-06 755.0153629779816
404000 1.52446E-06 756.558087348938
405000 1.556323E-06 758.1367266178131
406000 1.517737E-06 759.6347289085388
407000 1.514498E-06 761.133394241333
408000 1.511237E-06 762.629781961441
409000 1.507974E-06 764.1494069099426
410000 1.50475E-06 765.6884937286377
411000 1.501557E-06 767.23526263237
412000 1.498399E-06 768.7852263450623
413000 1.495139E-06 770.3774604797363
414000 1.49197E-06 771.8835599422455
415000 1.488769E-06 773.3863327503204
416000 1.48576E-06 774.9234440326691
417000 1.482624E-06 776.420990228653
418000 1.479572E-06 778.018782377243
419000 1.480779E-06 779.5741634368896
420000 1.473511E-06 781.0762958526611
421000 1.470444E-06 782.577648639679
422000 1.4674E-06 784.0753631591797
423000 1.464379E-06 785.576301574707
424000 1.461548E-06 787.0820660591125
425000 1.458624E-06 788.5736775398254
426000 1.455675E-06 790.077799320221
427000 1.452831E-06 791.5800733566284
428000 1.45006E-06 793.0782186985016
429000 1.447155E-06 794.5576581954956
430000 1.44428E-06 796.06600689888
431000 1.44145E-06 797.5689556598663
432000 1.438626E-06 799.0794403553009
433000 1.435767E-06 800.5965418815613
434000 1.432969E-06 802.0976622104645
435000 1.430182E-06 803.6088628768921
436000 1.427412E-06 805.1076714992523
437000 1.424617E-06 806.6154360771179
438000 1.421927E-06 808.1191973686218
439000 1.41941E-06 809.6734871864319
440000 1.416771E-06 811.2641613483429
441000 1.414099E-06 812.7698509693146
442000 1.411405E-06 814.2746407985687
443000 1.408726E-06 815.7673213481903
444000 1.405997E-06 817.2766921520233
445000 1.403493E-06 818.7812676429749
446000 1.400868E-06 820.2934911251068
447000 1.398348E-06 821.7900109291077
448000 1.395806E-06 823.2959315776825
449000 1.393249E-06 824.7925753593445
450000 1.390654E-06 826.2900490760803
451000 1.504367E-06 827.7911586761475
452000 1.385748E-06 829.2927403450012
453000 1.383301E-06 830.7972147464752
454000 1.380749E-06 832.2949500083923
455000 1.378223E-06 833.7957417964935
456000 1.384949E-06 835.2928075790405
457000 1.373449E-06 836.7905941009521
458000 1.371032E-06 838.2928988933563
459000 1.368506E-06 839.7892563343048
460000 1.366067E-06 841.2761216163635
461000 1.363813E-06 842.769279718399
462000 1.361443E-06 844.2721054553986
463000 1.359013E-06 845.770005941391
464000 1.356472E-06 847.2735161781311
465000 1.354345E-06 848.7626256942749
466000 1.352108E-06 850.2591898441315
467000 1.349662E-06 851.726753950119
468000 1.347489E-06 853.1735889911652
469000 1.345266E-06 854.605818271637
470000 1.342888E-06 856.0663640499115
471000 1.340465E-06 857.4837846755981
472000 1.338479E-06 858.8917698860168
473000 1.336137E-06 860.2942838668823
474000 1.333691E-06 861.705778837204
475000 1.331796E-06 863.1165380477905
476000 1.329457E-06 864.5516014099121
477000 1.327176E-06 865.974084854126
478000 1.325176E-06 867.3822329044342
479000 1.322877E-06 868.8083992004395
480000 1.320761E-06 870.2574915885925
481000 1.318755E-06 871.7006328105927
482000 1.316411E-06 873.1348555088043
483000 1.314414E-06 874.6024415493011
484000 1.312338E-06 876.0517702102661
485000 1.310218E-06 877.5019433498383
486000 1.30822E-06 878.9415872097015
487000 1.30592E-06 880.3586852550507
488000 1.303883E-06 881.7648913860321
489000 1.301893E-06 883.2063977718353
490000 1.299528E-06 884.6272721290588
491000 1.297811E-06 886.0830726623535
492000 1.295591E-06 887.5042638778687
493000 1.293606E-06 888.9374377727509
494000 1.291633E-06 890.3822252750397
495000 1.289396E-06 891.799836397171
496000 1.287722E-06 893.2313847541809
497000 1.285497E-06 894.6888899803162
498000 1.283638E-06 896.1167299747467
499000 1.281567E-06 897.5344483852386
500000 1.279497E-06 898.9689137935638
501000 1.277736E-06 900.3808472156525
502000 1.283559E-06 901.8252613544464
503000 1.273791E-06 903.271044254303
504000 1.27166E-06 904.7023756504059
505000 1.269664E-06 906.1298105716705
506000 1.26782E-06 907.5699045658112
507000 1.265661E-06 908.9748158454895
508000 1.263857E-06 910.4128148555756
509000 1.261984E-06 911.8554673194885
510000 1.259876E-06 913.3375396728516
511000 1.25811E-06 914.7899942398071
512000 1.256076E-06 916.1839199066162
513000 1.254317E-06 917.6126301288605
514000 1.2524E-06 919.0702638626099
515000 1.250454E-06 920.5152978897095
516000 1.248673E-06 922.1439099311829
517000 1.246637E-06 923.6854331493378
518000 1.245048E-06 925.2224340438843
519000 1.242968E-06 926.8602359294891
520000 1.241318E-06 928.5275340080261
521000 1.239299E-06 930.0980722904205
522000 1.237654E-06 931.5768201351166
523000 1.235716E-06 933.0980858802795
524000 1.233768E-06 934.6093986034393
525000 1.232117E-06 936.0750405788422
526000 1.240972E-06 937.5108201503754
527000 1.228483E-06 938.9429574012756
528000 1.226501E-06 940.3655805587769
529000 1.224892E-06 941.9000382423401
530000 1.223014E-06 943.376874923706
531000 1.221246E-06 944.770501613617
532000 1.219564E-06 946.2804350852966
533000 1.217758E-06 947.7723343372345
534000 1.216074E-06 949.2721521854401
535000 1.214206E-06 950.7730414867401
536000 1.212636E-06 952.2388734817505
537000 1.210592E-06 953.7375001907349
538000 1.209142E-06 955.2374353408813
539000 1.207156E-06 956.8730912208557
540000 1.205675E-06 958.3548760414124
541000 1.203846E-06 959.8338589668274
542000 1.202255E-06 961.3510642051697
543000 1.200416E-06 962.763667345047
544000 1.198795E-06 964.2337157726288
545000 1.19705E-06 965.7726545333862
546000 1.195505E-06 967.4478607177734
547000 1.193765E-06 968.9453003406525
548000 1.192116E-06 970.34570145607
549000 1.190482E-06 971.902624130249
550000 1.188909E-06 973.3927173614502
551000 1.187287E-06 974.916258096695
552000 1.185662E-06 976.4467833042145
553000 1.184022E-06 978.0602858066559
554000 1.182298E-06 979.6970593929291
555000 1.180828E-06 981.1822435855865
556000 1.179113E-06 982.6849517822266
557000 1.177648E-06 984.2448201179504
558000 1.175743E-06 985.8036503791809
559000 1.17438E-06 987.3629739284515
560000 1.172403E-06 988.7902340888977
561000 1.171266E-06 990.275342464447
562000 1.169424E-06 991.73695063591
563000 1.168161E-06 993.1955852508545
564000 1.166268E-06 994.5967056751251
565000 1.165074E-06 996.0245797634125
566000 1.163212E-06 997.4466328620911
567000 1.162019E-06 998.9220118522644
568000 1.160153E-06 1000.5196511745453
569000 1.15894E-06 1001.9630107879639
570000 1.157076E-06 1003.4389247894287
571000 1.155921E-06 1004.9794478416443
572000 1.154051E-06 1006.494490146637
573000 1.15291E-06 1008.0417006015778
574000 1.151233E-06 1009.583598613739
575000 1.149911E-06 1011.1276557445526
576000 1.148335E-06 1012.6724605560303
577000 1.146926E-06 1014.1926229000092
578000 1.145344E-06 1015.8053567409515
579000 1.143954E-06 1017.3299388885498
580000 1.142465E-06 1018.736475944519
581000 1.141012E-06 1020.1573865413666
582000 1.139558E-06 1021.591650724411
583000 1.138042E-06 1023.0315279960632
584000 1.136685E-06 1024.4399056434631
585000 1.135079E-06 1025.8957154750824
586000 1.133863E-06 1027.3660171031952
587000 1.132187E-06 1028.86283993721
588000 1.130967E-06 1030.3385150432587
589000 1.129275E-06 1031.8843088150024
590000 1.128108E-06 1033.3711433410645
591000 1.126485E-06 1034.7600464820862
592000 1.125091E-06 1036.1832914352417
593000 1.123509E-06 1037.579045534134
594000 1.122304E-06 1039.0191354751587
595000 1.120681E-06 1040.5167837142944
596000 1.11944E-06 1041.9332077503204
597000 1.117882E-06 1043.3992443084717
598000 1.116519E-06 1044.830795764923
599000 1.114984E-06 1046.2597637176514
